{
 "cells": [
  {
   "cell_type": "markdown",
   "metadata": {},
   "source": [
    "# csvkit"
   ]
  },
  {
   "cell_type": "markdown",
   "metadata": {},
   "source": [
    "pip install csvkit\n",
    "\n",
    "\n",
    "http://csvkit.readthedocs.org/en/0.9.1/cli.html"
   ]
  },
  {
   "cell_type": "code",
   "execution_count": 1,
   "metadata": {
    "collapsed": true
   },
   "outputs": [],
   "source": [
    "MUTS_FILE = 'tcga_laml_small.txt'"
   ]
  },
  {
   "cell_type": "markdown",
   "metadata": {},
   "source": [
    "## Pretty print"
   ]
  },
  {
   "cell_type": "code",
   "execution_count": 6,
   "metadata": {
    "collapsed": false
   },
   "outputs": [
    {
     "name": "stdout",
     "output_type": "stream",
     "text": [
      "|-------------+-----------+-----+-----+------------------------------+-------|\n",
      "|  CHROMOSOME | POSITION  | REF | ALT | SAMPLE                       | TYPE  |\n",
      "|-------------+-----------+-----+-----+------------------------------+-------|\n",
      "|  1          | 119469161 | T   | A   | TCGA-AB-2802-03B-01W-0728-08 | subs  |\n",
      "|  1          | 152057522 | T   | C   | TCGA-AB-2802-03B-01W-0728-08 | subs  |\n",
      "|  10         | 37455582  | C   | T   | TCGA-AB-2802-03B-01W-0728-08 | subs  |\n",
      "|  12         | 112888165 | G   | A   | TCGA-AB-2802-03B-01W-0728-08 | subs  |\n",
      "|  12         | 132466885 | G   | A   | TCGA-AB-2802-03B-01W-0728-08 | subs  |\n",
      "|  12         | 52964548  | G   | A   | TCGA-AB-2802-03B-01W-0728-08 | subs  |\n",
      "|  2          | 209113112 | C   | T   | TCGA-AB-2802-03B-01W-0728-08 | subs  |\n",
      "|  2          | 25457243  | G   | A   | TCGA-AB-2802-03B-01W-0728-08 | subs  |\n",
      "|  20         | 35240439  | C   | T   | TCGA-AB-2802-03B-01W-0728-08 | subs  |\n",
      "|-------------+-----------+-----+-----+------------------------------+-------|\n"
     ]
    }
   ],
   "source": [
    "%%bash -s $MUTS_FILE\n",
    "head $1 | csvlook -t"
   ]
  },
  {
   "cell_type": "markdown",
   "metadata": {},
   "source": [
    "## Cut with headers"
   ]
  },
  {
   "cell_type": "code",
   "execution_count": 7,
   "metadata": {
    "collapsed": false
   },
   "outputs": [
    {
     "name": "stdout",
     "output_type": "stream",
     "text": [
      "\n",
      "Enumerate headers:\n",
      "  1: CHROMOSOME\n",
      "  2: POSITION\n",
      "  3: REF\n",
      "  4: ALT\n",
      "  5: SAMPLE\n",
      "  6: TYPE\n"
     ]
    }
   ],
   "source": [
    "%%bash -s $MUTS_FILE\n",
    "echo -e \"\\nEnumerate headers:\"\n",
    "csvcut -t -n $1"
   ]
  },
  {
   "cell_type": "code",
   "execution_count": 8,
   "metadata": {
    "collapsed": false
   },
   "outputs": [
    {
     "name": "stdout",
     "output_type": "stream",
     "text": [
      "\n",
      "Cut using header labels:\n",
      "|-------------+------------|\n",
      "|  CHROMOSOME | POSITION   |\n",
      "|-------------+------------|\n",
      "|  1          | 119469161  |\n",
      "|  1          | 152057522  |\n",
      "|  10         | 37455582   |\n",
      "|  12         | 112888165  |\n",
      "|  12         | 132466885  |\n",
      "|  12         | 52964548   |\n",
      "|  2          | 209113112  |\n",
      "|  2          | 25457243   |\n",
      "|  20         | 35240439   |\n",
      "|-------------+------------|\n"
     ]
    }
   ],
   "source": [
    "%%bash -s $MUTS_FILE\n",
    "echo -e \"\\nCut using header labels:\"\n",
    "head $1 | csvcut -t -c CHROMOSOME,POSITION | csvlook"
   ]
  },
  {
   "cell_type": "markdown",
   "metadata": {},
   "source": [
    "## Some statistics"
   ]
  },
  {
   "cell_type": "code",
   "execution_count": 9,
   "metadata": {
    "collapsed": false
   },
   "outputs": [
    {
     "name": "stdout",
     "output_type": "stream",
     "text": [
      "\n",
      "Do we have nulls?\n",
      "  1. CHROMOSOME: False\n",
      "  2. POSITION: False\n",
      "  3. REF: False\n",
      "  4. ALT: False\n",
      "  5. SAMPLE: False\n",
      "  6. TYPE: False\n"
     ]
    }
   ],
   "source": [
    "%%bash -s $MUTS_FILE\n",
    "echo -e \"\\nDo we have nulls?\"\n",
    "head $1 | csvstat -t --nulls"
   ]
  },
  {
   "cell_type": "code",
   "execution_count": 10,
   "metadata": {
    "collapsed": false
   },
   "outputs": [
    {
     "name": "stdout",
     "output_type": "stream",
     "text": [
      "\n",
      "Some statistics (stdev)\n",
      "  1. CHROMOSOME: 6.377042156569663\n",
      "  2. POSITION: 59657603.03616438\n",
      "  3. REF: None\n",
      "  4. ALT: None\n",
      "  5. SAMPLE: None\n",
      "  6. TYPE: None\n"
     ]
    }
   ],
   "source": [
    "%%bash -s $MUTS_FILE\n",
    "echo -e \"\\nSome statistics (stdev)\"\n",
    "head $1 | csvstat -t --stdev"
   ]
  },
  {
   "cell_type": "markdown",
   "metadata": {},
   "source": [
    "## Sort"
   ]
  },
  {
   "cell_type": "code",
   "execution_count": 12,
   "metadata": {
    "collapsed": false
   },
   "outputs": [
    {
     "name": "stdout",
     "output_type": "stream",
     "text": [
      "|-------------+-----------+-----+-----+------------------------------+-------|\n",
      "|  CHROMOSOME | POSITION  | REF | ALT | SAMPLE                       | TYPE  |\n",
      "|-------------+-----------+-----+-----+------------------------------+-------|\n",
      "|  20         | 35240439  | C   | T   | TCGA-AB-2802-03B-01W-0728-08 | subs  |\n",
      "|  12         | 132466885 | G   | A   | TCGA-AB-2802-03B-01W-0728-08 | subs  |\n",
      "|  12         | 112888165 | G   | A   | TCGA-AB-2802-03B-01W-0728-08 | subs  |\n",
      "|  12         | 52964548  | G   | A   | TCGA-AB-2802-03B-01W-0728-08 | subs  |\n",
      "|  10         | 37455582  | C   | T   | TCGA-AB-2802-03B-01W-0728-08 | subs  |\n",
      "|  2          | 209113112 | C   | T   | TCGA-AB-2802-03B-01W-0728-08 | subs  |\n",
      "|  2          | 25457243  | G   | A   | TCGA-AB-2802-03B-01W-0728-08 | subs  |\n",
      "|  1          | 152057522 | T   | C   | TCGA-AB-2802-03B-01W-0728-08 | subs  |\n",
      "|  1          | 119469161 | T   | A   | TCGA-AB-2802-03B-01W-0728-08 | subs  |\n",
      "|-------------+-----------+-----+-----+------------------------------+-------|\n"
     ]
    }
   ],
   "source": [
    "%%bash -s $MUTS_FILE\n",
    "\n",
    "head $1 | csvsort -t -c CHROMOSOME,POSITION -r | csvlook"
   ]
  },
  {
   "cell_type": "markdown",
   "metadata": {},
   "source": [
    "## Join"
   ]
  },
  {
   "cell_type": "code",
   "execution_count": 14,
   "metadata": {
    "collapsed": false
   },
   "outputs": [
    {
     "name": "stdout",
     "output_type": "stream",
     "text": [
      "|-------------+-----------+-----+-----+------------------------------+------+-----+-------|\n",
      "|  CHROMOSOME | POSITION  | REF | ALT | SAMPLE                       | TYPE | ALT | IS_T  |\n",
      "|-------------+-----------+-----+-----+------------------------------+------+-----+-------|\n",
      "|  1          | 119469161 | T   | A   | TCGA-AB-2802-03B-01W-0728-08 | subs |     |       |\n",
      "|  1          | 152057522 | T   | C   | TCGA-AB-2802-03B-01W-0728-08 | subs |     |       |\n",
      "|  10         | 37455582  | C   | T   | TCGA-AB-2802-03B-01W-0728-08 | subs | T   | Yes   |\n",
      "|  12         | 112888165 | G   | A   | TCGA-AB-2802-03B-01W-0728-08 | subs |     |       |\n",
      "|  12         | 132466885 | G   | A   | TCGA-AB-2802-03B-01W-0728-08 | subs |     |       |\n",
      "|  12         | 52964548  | G   | A   | TCGA-AB-2802-03B-01W-0728-08 | subs |     |       |\n",
      "|  2          | 209113112 | C   | T   | TCGA-AB-2802-03B-01W-0728-08 | subs | T   | Yes   |\n",
      "|  2          | 25457243  | G   | A   | TCGA-AB-2802-03B-01W-0728-08 | subs |     |       |\n",
      "|  20         | 35240439  | C   | T   | TCGA-AB-2802-03B-01W-0728-08 | subs | T   | Yes   |\n",
      "|-------------+-----------+-----+-----+------------------------------+------+-----+-------|\n"
     ]
    }
   ],
   "source": [
    "%%bash -s $MUTS_FILE\n",
    "\n",
    "echo -e \"ALT\\tIS_T\\nT\\tYes\" | csvjoin -t -c ALT --left $1 - | head | csvlook"
   ]
  },
  {
   "cell_type": "markdown",
   "metadata": {},
   "source": [
    "## Grep"
   ]
  },
  {
   "cell_type": "code",
   "execution_count": 15,
   "metadata": {
    "collapsed": false
   },
   "outputs": [
    {
     "name": "stdout",
     "output_type": "stream",
     "text": [
      "|-------------+-----------+-----+-----+------------------------------+-------|\n",
      "|  CHROMOSOME | POSITION  | REF | ALT | SAMPLE                       | TYPE  |\n",
      "|-------------+-----------+-----+-----+------------------------------+-------|\n",
      "|  10         | 37455582  | C   | T   | TCGA-AB-2802-03B-01W-0728-08 | subs  |\n",
      "|  2          | 209113112 | C   | T   | TCGA-AB-2802-03B-01W-0728-08 | subs  |\n",
      "|  20         | 35240439  | C   | T   | TCGA-AB-2802-03B-01W-0728-08 | subs  |\n",
      "|-------------+-----------+-----+-----+------------------------------+-------|\n"
     ]
    }
   ],
   "source": [
    "%%bash -s $MUTS_FILE\n",
    "\n",
    "head $1 | csvgrep -t -c ALT -m T | csvlook"
   ]
  },
  {
   "cell_type": "code",
   "execution_count": 16,
   "metadata": {
    "collapsed": false
   },
   "outputs": [
    {
     "name": "stdout",
     "output_type": "stream",
     "text": [
      "|-------------+----------+-----+-----+------------------------------+-------|\n",
      "|  CHROMOSOME | POSITION | REF | ALT | SAMPLE                       | TYPE  |\n",
      "|-------------+----------+-----+-----+------------------------------+-------|\n",
      "|  10         | 37455582 | C   | T   | TCGA-AB-2802-03B-01W-0728-08 | subs  |\n",
      "|  20         | 35240439 | C   | T   | TCGA-AB-2802-03B-01W-0728-08 | subs  |\n",
      "|-------------+----------+-----+-----+------------------------------+-------|\n"
     ]
    }
   ],
   "source": [
    "%%bash -s $MUTS_FILE\n",
    "\n",
    "head $1 | csvgrep -t -c POSITION -r \"^3\" | csvlook"
   ]
  },
  {
   "cell_type": "markdown",
   "metadata": {},
   "source": [
    "## Sql "
   ]
  },
  {
   "cell_type": "markdown",
   "metadata": {},
   "source": [
    "This has to first create an in-memory database, that means that this is SLOW and not an option for very big files."
   ]
  },
  {
   "cell_type": "code",
   "execution_count": 17,
   "metadata": {
    "collapsed": false
   },
   "outputs": [
    {
     "name": "stdout",
     "output_type": "stream",
     "text": [
      "|-------------+-----------+-----+------|\n",
      "|  CHROMOSOME | POSITION  | REF | ALT  |\n",
      "|-------------+-----------+-----+------|\n",
      "|  1          | 119469162 | T   | A    |\n",
      "|  1          | 152057523 | T   | C    |\n",
      "|  10         | 37455583  | C   | T    |\n",
      "|  12         | 112888166 | G   | A    |\n",
      "|  12         | 132466886 | G   | A    |\n",
      "|  12         | 52964549  | G   | A    |\n",
      "|  2          | 209113113 | C   | T    |\n",
      "|  2          | 25457244  | G   | A    |\n",
      "|  20         | 35240440  | C   | T    |\n",
      "|-------------+-----------+-----+------|\n"
     ]
    }
   ],
   "source": [
    "%%bash -s $MUTS_FILE\n",
    "head $1 | csvsql --table t --query \"SELECT t.CHROMOSOME, t.POSITION+1 AS POSITION, t.REF, t.ALT FROM t\" - | csvlook"
   ]
  },
  {
   "cell_type": "code",
   "execution_count": null,
   "metadata": {
    "collapsed": true
   },
   "outputs": [],
   "source": []
  }
 ],
 "metadata": {
  "kernelspec": {
   "display_name": "Python 3",
   "language": "python",
   "name": "python3"
  },
  "language_info": {
   "codemirror_mode": {
    "name": "ipython",
    "version": 3
   },
   "file_extension": ".py",
   "mimetype": "text/x-python",
   "name": "python",
   "nbconvert_exporter": "python",
   "pygments_lexer": "ipython3",
   "version": "3.4.3"
  }
 },
 "nbformat": 4,
 "nbformat_minor": 0
}
